UniRef50_UPI0012EB08CC	5811 5832	5852 5871	5877 5897	5917 5935	5947 5965	5977 5994	6000 6025	6046 6067	6073 6098	6110 6135	6147 6168	6188 6206	6212 6234	6255 6273	6279 6299	6311 6330	6336 6357	6377 6397	6403 6420	6494 6515	6521 6541	6582 6602	6614 6633	6640 6661	6673 6696	6708 6730	6736 6754	6926 6945	6957 6978	6985 7004	7010 7028	7049 7071	7077 7102	7134 7152	7172 7193	7214 7234	7246 7268	7288 7305	7317 7338	7372 7389	7395 7413	7425 7444	7456 7475	8538 8557	8563 8580	8633 8658	8670 8690	8697 8720	8740 8757	8962 8979	8985 9003	9468 9485	9491 9508	10723 10745	10751 10770	11150 11169	11175 11192	11242 11259	11349 11366	11373 11394	11400 11420	11532 11550	11556 11576	11588 11607	11613 11633	11654 11680	11686 11705	11744 11763	11769 11790	12843 12866	12872 12890	13061 13084	13090 13112	13203 13224	13230 13248	13328 13346	13358 13383	13390 13409	13415 13437	13457 13479	13485 13503	13549 13571	13583 13601	13613 13641	13699 13716	13749 13775	13787 13805	14523 14546	14566 14590	15859 15882	16060 16079	16091 16110	16116 16137	16149 16167	16173 16195	16257 16277	16283 16301	16962 16984	16996 17016	17590 17609	17621 17645	17665 17686	17692 17710	17737 17758	17803 17821	18318 18338	18344 18363	18742 18760	18766 18783	19301 19322	19328 19347	19398 19420	19440 19459	19471 19504	19544 19568	19611 19630	19636 19657	19669 19688	19694 19712	19764 19784
UniRef50_A0A357BHU0	2883 2905	3163 3186	3192 3213	3252 3275	3281 3299	3917 3938	3944 3962	4030 4046	4052 4070	4082 4102	4108 4129	4200 4219	4225 4242	4346 4368	4396 4415	6705 6723	10788 10813	10825 10845	10857 10875	10887 10906	11725 11744	11751 11771	14174 14191	14198 14220	15101 15121	15219 15241
UniRef50_A0A522LQB2	2971 3001	4284 4304	5163 5186	6132 6153	7323 7343	7355 7380	7386 7404	7416 7434	7734 7754	7806 7826	7832 7851	8014 8037	13003 13023	13035 13065	14587 14608	14883 14902	16563 16582	16902 16921	16927 16946
UniRef50_A0A1F9V7J9	17 35	1236 1261	1281 1314	1355 1378	2234 2259	2266 2285	2297 2316	2321 2338	4847 4868	4903 4930	6815 6836	6903 6922	6928 6949	6961 6987	7020 7041	7725 7743	7749 7770	7782 7804	7816 7839	8999 9024	10060 10077	10084 10103	10123 10145	10157 10177	11032 11050	11278 11297	11317 11340	11412 11432	11452 11485	12307 12326	12338 12355	12376 12395	13057 13082
UniRef50_UPI00056D1874	42 64	911 929	941 961	973 993	999 1015	1027 1047	1053 1084	1114 1136	1148 1168	1180 1198	1204 1226	1238 1261	1267 1289	1791 1809	1815 1833	1895 1917	1923 1942	1954 1977	1989 2007	2028 2049	2055 2078	3152 3172	3184 3204	3211 3227	3233 3253	3274 3295	3301 3330	3361 3380	3392 3419	3440 3463	3469 3491	3829 3851	3857 3879	3891 3912	3918 3937	4061 4082	4124 4142	4187 4209	8108 8130	8219 8238	8244 8270	8282 8302	8308 8326	8362 8383	8389 8407	8434 8452	8464 8486	8507 8531	8537 8564	8585 8603	8615 8636	9077 9093	9099 9118	9286 9307	9313 9332	9344 9368	9374 9394	9401 9418	9424 9457	9504 9524	9536 9557	9569 9587	9593 9615	9636 9653	9659 9680	9992 10010	10022 10047	10233 10260	11436 11460	11700 11732	11795 11816	11836 11853	11859 11881	11893 11912	11918 11936	12009 12027	12033 12051
UniRef50_A0A263DW78	5616 5640	5647 5668	5701 5731	6042 6060	6066 6087	6885 6904	6910 6928	6949 6971	7303 7325	7480 7505	7533 7553	7573 7591	7617 7633	7984 8004	8010 8030	8057 8077	8393 8411	8590 8610	8616 8635	8984 9008	9020 9040	9231 9248	9353 9374	9394 9421	9651 9675	9923 9946	9952 9975	9987 10008	10020 10042	10062 10083	10089 10108	10129 10155	10210 10230	10242 10259
UniRef50_A0A2A9MB41	10926 10949	10969 10991	11057 11076	11145 11172
UniRef50_A0A418B4Q4	9586 9608	9638 9656	9699 9719	9774 9791	9856 9880	9976 9996	10052 10073	10085 10107
UniRef50_A0A662Y8L8	9696 9716	9723 9744	9782 9805	9817 9839	9882 9901	9947 9967	9973 9989	10094 10112	10132 10159
UniRef50_A0A1Q9EN98	4854 4876	4888 4909	7005 7026	8507 8526	8563 8582	8589 8611
UniRef50_A0A1D3JLA0	193 218	380 397	417 434	446 464	1286 1303	1418 1435	1472 1489	1496 1513	2468 2487	2552 2571	3528 3546	3855 3874	4561 4580	4631 4650	7674 7696	8051 8069
UniRef50_A0A2I0JUM4	547 570	591 610	653 672	693 716	736 754	1882 1903	2023 2047	2087 2107	2119 2139	2160 2183	2203 2225	2246 2269	2289 2311	2332 2355	2375 2397	2418 2441	2461 2483	2504 2527	2547 2569	2590 2613	2633 2655	2676 2699	2719 2741	2762 2785	2805 2827	2848 2871	2891 2913	2934 2957	2977 2999	3020 3043	3055 3075	3087 3105	4247 4265	4333 4351	4430 4450	4736 4759	4779 4806	4827 4845	8054 8075	8171 8189	8201 8221	8233 8253	8292 8311	8323 8343	8382 8401	8413 8433	8518 8544	8716 8741	8801 8827	8886 8911
UniRef50_D7FQT8	8054 8075	8095 8124	8159 8182	8217 8237	8243 8262	8269 8290	8427 8450	8503 8525	8537 8560
UniRef50_A0A060RRX0	224 249	411 429	449 471	478 495	1251 1268	1383 1400	1436 1454	1611 1632	2401 2420	2486 2504	3370 3388	3689 3708	4010 4029	4287 4305	4345 4364	4668 4688
UniRef50_W7A1L2	180 205	367 384	404 421	433 451	1082 1099	1422 1443	2217 2236	2299 2319	3599 3619	4152 4171
UniRef50_A5K5J0	172 197	359 376	396 413	425 443	1110 1127	1242 1259	1295 1313	1450 1471	2181 2200	2220 2240	2260 2280	2844 2862	3786 3805	4074 4093	4133 4152	4525 4545
UniRef50_A0A0J9SG91	180 205	367 384	404 421	433 451	1109 1126	1241 1258	1294 1312	1449 1470	2180 2199	2219 2239	2259 2279	2840 2858	3734 3753	4034 4053	4093 4112	4485 4505
UniRef50_A0A151LP08	201 226	386 404	424 446	453 470	1223 1240	1584 1605	2300 2319	2907 2925	3246 3264	3558 3577	3856 3875	4105 4123
UniRef50_A0A5P0ZJ13	12 32	785 804	811 837	843 871	883 901	907 927	934 958	964 985	997 1030	1036 1059	1071 1092	1098 1118	1125 1144	1150 1168	1180 1209	1215 1235	1242 1262	1268 1290	1297 1320	1326 1352	1359 1383	1395 1425	1432 1453	1465 1488	1495 1518	1524 1545	1552 1569	1604 1625	1637 1656	1690 1717	1729 1756	1762 1784	1791 1809	1815 1835	1842 1861	1867 1892	1899 1924	1930 1952	1959 1986	2006 2030	2037 2061	2067 2089	2101 2124	2130 2153	2160 2182	2188 2207	2214 2235	2241 2259	2266 2289	2295 2316	2323 2342	2348 2367	2379 2407	2419 2444	2456 2487	2493 2517	2529 2545	2551 2570	2577 2598	2618 2640	2647 2664	2670 2687	2694 2717	2723 2745	2757 2777	2789 2814	2821 2843	2849 2869	2876 2896	2902 2923	2930 2947	2953 2970	2982 3005	3011 3037	3057 3088	3094 3121	3133 3156	3162 3179	3186 3214	3220 3243	3255 3288	3294 3317	3329 3352	3358 3375	3382 3403	3409 3430	3442 3461	3473 3492	3499 3524	3530 3551	3563 3587	3593 3617	3624 3650	3670 3694	3706 3729	3735 3751	3763 3787	3799 3821	3828 3846	3852 3874	3886 3908	3914 3935	3942 3969	3981 4003	4010 4031	4051 4073	4080 4102	4108 4130	4142 4162	4168 4187	4194 4216	4228 4253	4260 4279	4285 4301	4321 4340	4346 4368	4389 4420	4432 4456	4477 4495	4501 4523	4530 4546	4552 4572	4584 4607	4619 4639	4651 4671	4677 4698	4710 4736	4742 4761	4768 4788	4794 4814	4821 4841	4847 4870	4882 4902	4908 4928	4935 4954	4960 4978	4985 5010	5016 5034	5041 5058	5064 5086	5098 5119	5139 5159	5166 5185	5191 5214	5221 5242	5248 5267	5288 5308	5314 5334	5346 5364	5370 5386	5398 5414	5420 5442	5454 5473	5479 5506	5513 5533	5545 5566	5573 5598	5610 5627	5634 5653	5659 5679	5691 5714	5720 5739	5751 5784	5790 5815	5822 5845	5880 5901	5913 5930	5942 5967	5974 5995	6001 6026	6038 6064	6070 6088	6095 6114	6126 6147	6159 6178	6190 6207	6214 6232	6238 6256	6263 6280	6286 6306	6318 6338	6344 6365	6372 6390	6402 6423	6430 6449	6469 6490	6502 6518	6524 6541	6553 6572	6578 6600	6609 6631	6637 6658	6670 6691	6711 6732	6739 6758	6770 6791	6803 6822	6828 6847	6854 6876	6882 6900	6907 6924	6930 6950	6962 6985	6991 7009	7016 7034	7040 7062	7069 7093	7113 7131	7143 7162	7168 7185	7197 7216	7222 7244	7253 7272	7278 7297	7302 7320	7326 7346	7358 7377	7383 7402	7414 7432	7438 7456	7463 7490	7502 7521	7526 7544	7550 7567	7574 7593	7605 7627	7634 7652	7664 7681	7693 7714	7720 7737	7749 7770	7790 7809	7816 7836	7856 7874	7881 7905	7911 7932	7944 7964	7970 7994	8001 8018	8038 8059	8066 8086	8131 8150	8162 8184	8320 8337
UniRef50_A0A351I9Y9	12 30	1021 1046	1058 1075	1081 1102	1123 1141	1198 1221	1265 1285	1291 1308	1606 1632	1638 1661	1778 1797	4840 4865	5162 5185	5197 5217	5666 5683	5689 5709	5865 5884	5890 5914	5941 5969	6002 6021	6090 6112	6145 6168	6207 6226	6253 6275	6287 6310
UniRef50_A0A5P0ZIV7	12 32	757 779	786 808	814 838	850 874	880 905	912 931	937 955	967 988	1000 1025	1037 1058	1064 1083	1090 1110	1116 1136	1143 1175	1181 1199	1206 1228	1234 1258	1265 1287	1293 1320	1341 1371	1377 1399	1411 1433	1439 1458	1465 1484	1490 1510	1517 1534	1569 1590	1602 1621	1627 1646	1658 1683	1689 1715	1727 1749	1755 1773	1780 1800	1806 1824	1836 1865	1871 1891	1903 1922	1942 1963	1975 2002	2014 2041	2062 2086	2098 2122	2143 2165	2171 2194	2206 2223	2229 2246	2258 2281	2301 2325	2337 2363	2375 2403	2410 2430	2436 2456	2463 2483	2489 2507	2519 2540	2546 2567	2579 2599	2619 2646	2658 2682	2688 2711	2718 2739	2772 2793	2800 2819	2825 2846	2858 2877	2883 2902	2909 2936	2948 2973	2985 3005	3011 3030	3039 3064	3070 3094	3106 3129	3141 3169	3190 3211	3223 3243	3255 3276	3296 3314	3334 3355	3361 3381	3388 3415	3435 3454	3466 3493	3505 3526	3546 3565	3571 3593	3605 3626	3632 3651	3672 3691	3697 3717	3724 3749	3755 3775	3782 3800	3806 3829	3836 3854	3860 3879	3886 3908	3920 3942	3949 3972	3978 4002	4014 4034	4040 4064	4085 4103	4123 4145	4157 4182	4188 4206	4215 4235	4255 4280	4292 4309	4315 4333	4340 4357	4363 4382	4389 4414	4420 4438	4445 4464	4470 4495	4507 4531	4537 4564	4571 4595	4601 4620	4632 4653	4659 4687	4699 4720	4732 4754	4761 4777	4789 4807	4814 4838	4850 4875	4896 4913	4919 4942	4962 4982	5002 5019	5026 5048	5068 5091	5098 5119	5125 5145	5157 5182	5188 5212	5224 5250	5256 5276	5283 5307	5313 5341	5353 5377	5383 5403	5410 5429	5435 5457	5464 5486	5498 5517	5524 5540	5560 5580	5587 5610	5616 5640	5652 5672	5678 5702	5723 5741	5761 5783	5795 5816	5822 5842	5904 5927	5933 5954	5966 5986	5998 6018	6025 6042	6048 6068	6080 6098	6104 6127	6139 6160	6166 6194	6215 6237	6243 6263	6275 6299	6305 6330	6351 6371	6377 6395	6402 6429	6441 6465	6472 6491	6497 6516	6541 6564	6570 6594	6601 6623	6635 6660	6672 6688	6694 6714	6721 6742	6748 6770	6782 6802	6808 6826	6883 6910	6922 6945	6952 6971	6977 6995	7002 7022	7042 7065	7086 7112	7132 7159	7171 7190	7196 7219	7231 7254	7260 7280	7292 7310	7316 7334	7346 7366	7378 7402	7409 7436	7442 7464	7476 7494	7500 7520	7532 7552	7558 7577	7586 7603	7609 7631	7643 7663	7669 7690	7702 7724	7730 7752	7764 7782	7788 7808	7820 7848	7860 7882	7889 7909	7915 7939	7951 7977	7983 8006	8018 8040
UniRef50_A0A1B1DVC9	160 185	347 364	384 401	413 431	1043 1060	1175 1192	1228 1246	1253 1276	2109 2128	2185 2207	3366 3386	3905 3924	3964 3983	4310 4330
UniRef50_A0A1J1HD73	166 191	353 370	390 407	419 437	1158 1175	1432 1450	2176 2195	2258 2279	3097 3115	3900 3919
UniRef50_A0A2I0IN75	546 566	587 608	620 641	745 763	1604 1625	1646 1665	1732 1751	2020 2042	2062 2086	2106 2128	2148 2172	2192 2214	2234 2253	2346 2364	2376 2397	2409 2430	2442 2463	2475 2496	2508 2529	2541 2562	2574 2595	2607 2628	2640 2661	2673 2694	2709 2728	3047 3066	3122 3139	3625 3649	3655 3676	3683 3702	3722 3741	3781 3799	4280 4300	5092 5109	5150 5171	5183 5206	6255 6273	6392 6411	6431 6455	6642 6662	6682 6704	6716 6733	6763 6781	7401 7420
UniRef50_A0A1Q9D394	1177 1194	1206 1224	1236 1256	1268 1288	1300 1319	1339 1360	5644 5667	6464 6482
UniRef50_A0A2C6KUG6	202 221	6582 6608	6620 6638	6697 6719	6774 6793	6834 6860	6955 6974	6980 7000
UniRef50_A0A2H0LPL7	12 32	1269 1287	1401 1430	1450 1472	1600 1627	5499 5519	5556 5575	5581 5605	5617 5635	5655 5677	6269 6288	6387 6407	6419 6440	6546 6566	6573 6595	6645 6663	6684 6706	6712 6735	6756 6780	6830 6854	6967 6988
UniRef50_A0A346I7I7	3343 3367	3507 3525	3531 3549	3827 3846	3990 4010	4017 4037	4061 4094	4470 4494	4500 4517	4524 4547	4567 4588	4595 4612	4618 4640	4647 4667
UniRef50_T0Q010	1678 1698	1806 1825	4457 4474	4481 4505	4545 4562	6023 6044	6083 6103	6884 6903	6915 6936	6998 7017	7023 7041	7062 7083	7122 7148	7160 7179	7185 7205	7217 7237	7243 7264
UniRef50_A0A6B2M4Z1	1706 1728	2096 2117
UniRef50_A0A081IB59	143 168	331 349	977 994	1267 1287	1959 1978	2792 2810	3061 3081	3538 3556	3596 3615	3916 3936
UniRef50_A0A5P9K5V7	3109 3138	3177 3197	3299 3316	3596 3620	3760 3778	3785 3808	3834 3856	4220 4243	4249 4268	4280 4298	4304 4323	4330 4348	4354 4373	4380 4396
UniRef50_A0A5A8D5S4	5845 5862	5930 5953	5997 6021	6067 6088	6094 6113	6218 6237	6257 6279
UniRef50_A0A0E3GHV1	2445 2465	2477 2495	2568 2591	2657 2678	2755 2777	2789 2809	3102 3119	3208 3226	3268 3288	3300 3333	3339 3365	3761 3778	3809 3829	3849 3867	3873 3894	3906 3926	3938 3959	3971 3989
UniRef50_A0A6I8SF17	31 49	456 476	6562 6579
UniRef50_A0A6A5JSR7	2640 2660	2736 2756	4806 4827	5176 5195	5210 5230	5242 5260	5296 5316	5396 5414	5426 5451	5690 5707	5719 5741	5818 5837	5888 5914	6032 6055	6075 6096	6193 6212	6313 6333	6391 6409	6453 6477	6515 6534	6604 6627
UniRef50_A0A1Q9CHP1	533 552	595 614	634 655	676 694	732 751	772 793	1476 1496	1565 1582	1597 1615	1709 1727	2699 2717	2729 2748	6072 6088	6130 6149	6169 6192	6233 6252	6309 6332	6353 6374
UniRef50_UPI000C1B7ADB	710 732	744 770	776 801	813 833	839 857	864 888	894 914	921 946	966 990	1002 1022	1028 1048	1055 1078	1090 1113	1120 1139	1145 1165	1172 1192	1198 1218	1225 1244	1250 1279	1286 1303	1309 1329	1341 1364	1370 1395	1402 1421	1427 1447	1454 1475	1481 1499	1511 1531	1537 1557	1564 1586	1592 1610	1617 1638	1650 1683	1695 1715	1721 1738	1745 1764	1770 1789	1796 1823	1835 1855	1862 1882	1888 1913	1934 1958	1964 1986	1995 2018	2030 2051	2063 2084	2090 2111	2116 2137	2143 2164	2171 2189	2195 2214	2223 2246	2258 2278	2290 2310	2316 2333	2340 2360	2366 2387	2399 2420	2426 2453	2460 2485	2491 2517	2524 2545	2551 2571	2592 2616	2622 2646	2658 2685	2691 2715	2727 2748	2754 2777	2784 2805	2811 2828	2835 2853	2873 2894	2901 2930	2936 2959	2980 3002	3008 3039	3051 3079	3085 3106	3118 3141	3147 3168	3175 3194	3200 3219	3226 3244	3250 3276	3283 3309	3315 3337	3344 3363	3369 3389	3396 3417	3423 3444	3451 3475	3495 3515	3527 3555	3561 3588	3595 3619	3625 3648	3660 3686	3692 3713	3725 3748	3754 3775	3782 3804	3810 3826	3833 3851	3857 3883	3890 3913	3919 3944	3951 3970	3976 3997	4004 4026	4032 4051	4058 4082	4102 4122	4134 4162	4168 4195	4202 4226	4232 4255	4267 4293	4299 4320	4332 4353	4359 4382	4389 4411	4417 4433	4440 4458	4478 4501	4508 4531	4537 4564	4585 4607	4619 4641	4653 4676	4688 4709	4721 4746	4752 4771	4778 4804	4810 4827	4832 4851	4857 4881	4888 4911	4917 4935	4942 4960	4966 4985	4992 5017	5023 5044	5051 5072	5078 5095	5102 5127	5133 5162	5174 5201	5221 5245	5257 5278	5284 5305	5312 5331	5337 5354	5361 5378	5384 5404	5416 5436	5442 5463	5470 5488	5494 5515	5522 5546	5566 5585	5597 5616	5622 5639	5651 5670	5676 5698	5707 5729	5772 5800	5812 5831	5837 5858	5865 5886	5898 5925	5932 5950	5956 5975	5980 5998	6004 6022	6029 6048	6054 6077	6089 6107	6119 6136	6148 6169	6175 6197	6204 6225	6245 6265	6270 6291	6311 6329	6336 6356	6368 6392	6399 6419	6425 6450	6462 6488	6494 6514	6521 6544	6564 6584	6591 6610	6616 6639
UniRef50_Q98VG9	1860 1878	1918 1941	1997 2014	2021 2039	2045 2065	2426 2446	2691 2711	2720 2740	2769 2793	3212 3232	3238 3260	3267 3286	3306 3326	3338 3356	3392 3409	3421 3440
UniRef50_A0A1S9DGI1	5175 5195	5207 5227	5239 5259	5387 5408	5420 5443	5494 5512	5518 5538	5600 5621	5654 5672	5983 6008	6020 6044	6098 6118	6124 6141	6197 6221	6233 6253
UniRef50_U6GD43	5594 5619	5628 5646	5703 5724	5782 5799	5842 5871	5903 5921	5927 5946	5966 5985	5991 6009
UniRef50_UPI001455DD30	6549 6571
UniRef50_UPI000D7347B8	6446 6469
UniRef50_A0A024U592	4992 5014	5570 5589	5988 6006	6067 6085	6097 6118	6130 6154	6232 6252	6264 6285	6324 6343	6364 6383	6389 6408	6420 6440	6446 6466
UniRef50_A0A226E525	1208 1229	1236 1255	4418 4442
UniRef50_A0A2P4YZ96	5821 5840	6198 6214	6251 6271	6283 6306	6326 6348
UniRef50_A0A0L0DUI1	481 504	633 661	673 695	715 739	6076 6099	6256 6281	6287 6307
UniRef50_A0A388L5D9	6261 6280	6292 6311
UniRef50_A0A2H0LIF0	67 91	361 383	1025 1043	1050 1071	1091 1109	1139 1157	1163 1181	1638 1656	1662 1680	2531 2549	3144 3160	3588 3610	4232 4252	4534 4552	4558 4576	4673 4692	4786 4807	4814 4839	5002 5020	5574 5592	5894 5919	5926 5943
UniRef50_A0A2A9MDD0	2888 2906	3052 3073	3827 3851	3923 3943
