UniRef50_UPI0012EB08CC	13676 13692
UniRef50_A0A357BHU0	4380 4389
UniRef50_A0A522LQB2	16539 16551
UniRef50_A0A1F9V7J9	6999 7013
UniRef50_UPI00056D1874	4102 4117
UniRef50_A0A263DW78	7511 7521
UniRef50_A0A2A9MB41	11019 11036
UniRef50_A0A418B4Q4	9834 9849
UniRef50_A0A662Y8L8	9859 9870
UniRef50_A0A1Q9EN98	6973 6993
UniRef50_A0A1D3JLA0	1447 1460	2447 2461
UniRef50_A0A2I0JUM4	4390 4409
UniRef50_D7FQT8	8396 8407
UniRef50_A0A060RRX0	1412 1424	2380 2394
UniRef50_W7A1L2	2196 2210
UniRef50_A5K5J0	1271 1283	2160 2174
UniRef50_A0A0J9SG91	1270 1282	2159 2173
UniRef50_A0A151LP08	2279 2293
UniRef50_A0A5P0ZJ13	1575 1597	1662 1678	5857 5873	8106 8119
UniRef50_A0A351I9Y9	5975 5990
UniRef50_A0A5P0ZIV7	1540 1562	2745 2760
UniRef50_A0A1B1DVC9	1204 1216	2088 2102
UniRef50_A0A1J1HD73	2155 2169
UniRef50_A0A2I0IN75	522 534	5121 5138
UniRef50_A0A1Q9D394	5619 5632
UniRef50_A0A2C6KUG6	6658 6677
UniRef50_A0A2H0LPL7	6361 6375
UniRef50_A0A346I7I7	4043 4054
UniRef50_T0Q010	4517 4533	6064 6076
UniRef50_A0A6B2M4Z1	1674 1686
UniRef50_A0A081IB59	1938 1952
UniRef50_A0A5P9K5V7	3814 3827
UniRef50_A0A5A8D5S4	5973 5985
UniRef50_A0A0E3GHV1	3246 3261
UniRef50_A0A6I8SF17	6538 6550
UniRef50_A0A6A5JSR7	6421 6441
UniRef50_A0A1Q9CHP1	6272 6289
UniRef50_UPI000C1B7ADB	5749 5765
UniRef50_Q98VG9	2746 2762	3368 3385
UniRef50_A0A1S9DGI1	5633 5647
UniRef50_U6GD43	5666 5682
UniRef50_UPI001455DD30	6523 6537
UniRef50_UPI000D7347B8	6422 6439
UniRef50_A0A024U592	6211 6225
UniRef50_A0A226E525	1191 1201
UniRef50_A0A2P4YZ96	6220 6230
UniRef50_A0A0L0DUI1	6056 6069
UniRef50_A0A388L5D9	6235 6249
UniRef50_A0A2H0LIF0	3121 3132
UniRef50_A0A2A9MDD0	3804 3820
